0 95.57018 91.73776
10 98.65265 73.180016
20 97.4064 71.883865
30 102.51538 78.389145
40 99.54556 80.151825
50 103.904884 80.784805
60 104.73474 80.85635
70 99.52759 74.057
80 99.58263 76.0735
90 94.85728 67.39706
100 95.05516 65.74209
110 92.47905 65.111916
120 92.655525 62.204082
130 89.58248 62.915764
140 85.50063 80.226845
150 79.81711 88.45531
160 76.36476 90.047485
170 80.261314 102.33632
180 77.206116 102.6121
190 73.42351 94.125336
200 75.34528 91.12164
210 83.03207 115.23759
220 82.55385 114.42649
230 72.220604 99.201256
240 71.06062 95.95309
250 75.712234 107.498375
260 78.93903 114.152664
270 84.841576 123.89626
280 94.29852 137.38512
290 96.00922 139.75342
300 89.263565 130.03896
310 80.31553 119.20896
320 67.380714 101.59736
330 57.25834 87.59713
340 52.075882 66.89191
350 50.869648 72.68848
360 64.87172 97.94218
370 77.617004 111.097626
380 77.860596 109.97472
390 66.74329 98.18736
400 54.407974 85.42869
410 46.979645 60.741756
420 51.07535 48.927418
430 48.958206 50.444622
440 48.035984 49.67579
450 45.630875 52.232594
460 42.45013 55.532425
470 40.404675 56.2633
480 38.20455 55.94531
490 39.607613 50.329082
500 39.625854 47.72699
510 41.392273 41.77615
520 40.70346 41.067905
530 38.594727 41.850037
540 42.741627 36.27133
550 40.399273 37.01091
560 41.700214 34.844864
570 39.598743 35.105373
580 38.918846 34.34144
590 41.818924 32.90682
600 40.625923 32.78519
610 43.125202 32.475986
620 43.733105 32.67535
630 41.398384 32.305786
640 40.646534 32.532166
650 39.333805 32.359436
660 40.770115 32.183525
670 39.38946 32.14108
680 39.622917 31.842022
690 42.655724 33.471054
700 40.564316 32.752583
710 39.54118 32.392414
720 39.240406 31.74245
730 39.294376 31.348482
740 36.872818 30.56541
750 34.42487 30.449635
760 32.314034 31.202595
770 33.60037 30.586771
780 34.75541 30.545233
790 39.312557 31.645012
800 37.322567 30.690197
810 33.072884 30.504864
820 38.27951 30.600237
830 35.99658 30.168695
840 38.490074 31.201029
850 37.651188 30.35707
860 37.95901 30.978819
870 39.35894 31.640461
880 36.155678 30.126352
890 37.428204 30.594143
900 36.655567 30.884964
910 41.03037 33.531055
920 33.49314 29.57087
930 31.923044 29.762314
940 31.547102 30.187538
950 32.541386 29.518858
960 30.03659 30.647654
970 29.65562 31.447083
980 30.856245 29.677406
990 31.148808 29.44608
